8303700
12144340
42722730
45327380
45587480
45662360
46598270
47345600
48676170
48806280
2568521
8372321
8384901
8384971
12143741
34150411
44332131
44376131
44709521
45607111
47998851
48282111
48291161
48313381
1392382
38014542
42722712
44327152
45277512
45404802
45581702
46829772
47931312
48483852
48520492
48635182
48711262
49212972
6727243
8391413
12143843
16073003
38024043
45404803
47410453
47749253
49213543
27324724
38014744
45349064
48220244
48514544
48649924
49073384
5104945
5109815
12143725
14106025
16767485
38014305
39324995
44420095
45091905
46254635
46776845
46941495
48446915
48792795
49027425
49091895
4819996
16073696
38023606
45407176
46432326
48384466
48984506
48984616
1392377
8392367
12826387
44398277
45226747
45768837
45831477
45831587
46019767
47120207
48189857
48952847
3022218
5107048
16073008
38024098
45608108
45977638
46041098
5105249
8284819
8384629
8385049
11936749
12142279
12144339
15130549
38024119
44310259
44354259
45152269
45335579
46325849
48291189
48299439
48441819