Number of components: 1
Number of edges: 195
Number of nodes: 93
Random jump factor: 0.15

PageRank of nodes, in descending order:
8709207 0.04821883130281773
11287582 0.03471311923002198
9650960 0.034389246806747764
12610128 0.03394520471428961
8553535 0.03237815039961933
12518224 0.030345338942444594
11044077 0.028403133546904703
11160736 0.02629711891788543
12560332 0.022967154136851593
12857908 0.019949226680052914
11886254 0.018364691638550874
9420209 0.01808456129400865
12663788 0.01729071038593579
7933109 0.016013557606353056
11163673 0.01468661003084323
8289365 0.01279579038128888
9018146 0.012595414740275446
11878901 0.01234646538517953
9784363 0.012000062429643025
9568045 0.012000062429643025
10873782 0.01154160009863898
10364381 0.011295241772961791
7831768 0.010991805739730187
7491757 0.010194748808744129
11158207 0.009620406069130233
11602792 0.00922447166832323
12050360 0.00922447166832323
10233949 0.00922447166832323
11145916 0.009214196593942075
10559364 0.008907479133301616
11040122 0.008907479133301616
11581419 0.008907479133301616
11499923 0.008864741306606975
9060658 0.00877252458235299
11243812 0.00877252458235299
11883199 0.008628778166359525
12566713 0.00822256869117137
9465097 0.00822256869117137
7523700 0.00797432376973246
9811779 0.007873113403836268
10364505 0.007873113403836268
12033775 0.007873113403836268
7494284 0.00781635921598321
8615005 0.00781635921598321
9557678 0.00734737528303308
8551571 0.00734737528303308
9372953 0.00734737528303308
7666533 0.00734737528303308
10362134 0.007230940788400661
12663770 0.007230940788400661
12208977 0.007027836050806583
8764516 0.007027836050806583
8200503 0.007027836050806583
8178438 0.007027836050806583
12706096 0.007027836050806583
8139029 0.007027836050806583
12033769 0.007027836050806583
7561785 0.007027836050806583
14517069 0.007027836050806583
10573627 0.006824731313212504
12890615 0.006824731313212504
8825715 0.006824731313212504
10971133 0.006824731313212504
12584306 0.006824731313212504
8957670 0.006824731313212504
9261437 0.006824731313212504
9032384 0.006824731313212504
10918034 0.006824731313212504
9060652 0.006824731313212504
9311816 0.006824731313212504
9469843 0.006824731313212504
8973339 0.006824731313212504
11682199 0.006824731313212504
9343214 0.006824731313212504
9298727 0.006824731313212504
8806551 0.006824731313212504
11289806 0.006824731313212504
7595373 0.006824731313212504
8601783 0.006824731313212504
9234794 0.006824731313212504
7815562 0.005833103410441793
8525612 0.005833103410441793
10712890 0.005833103410441793
12533712 0.005833103410441793
11121865 0.005833103410441793
7778283 0.005833103410441793
8151305 0.005833103410441793
7745672 0.005833103410441793
12840887 0.005833103410441793
11967289 0.005833103410441793
8957669 0.005833103410441793
9636375 0.005833103410441793
12482659 0.005833103410441793
