9465097	12566713	11158207	11145916	11883199	12857908
11581419	11287582	9420209	8709207	11160736	12610128
8553535	8709207	12518224	11044077	9650960	11886254
7778283	8709207	8601783	7494284	9298727	8973339
11044077	12518224	9568045	8553535	9784363	9650960
9420209	11287582	11040122	8709207	10559364	11581419
11040122	7666533	9420209	9557678	8551571	9372953
11160736	12610128	11163673	12560332	10364381	12857908
12560332	11160736	12610128	8709207	11287582	9650960
10364505	9568045	10873782	8709207	11044077	9420209
12533712	11044077	11160736	12610128	11682199	8289365
9568045	10873782	11499923	11044077	10364505	8709207
12857908	11878901	10233949	12050360	11602792	11163673
9784363	11044077	8709207	12033775	9811779	8289365
8957669	8957670	9234794	11145916	9650960	10573627
7831768	12518224	9650960	8553535	11886254	8709207
9636375	12857908	11163673	7595373	10364381	8806551
12610128	11160736	11287582	12560332	8709207	9018146
11121865	10918034	11044077	9469843	12518224	9343214
7815562	12610128	8709207	8615005	12663788	11160736
8151305	7494284	8825715	9650960	11160736	9032384
9018146	8709207	12610128	7523700	11160736	11287582
8178438	8764516	8553535	8200503	8139029	9650960
8709207	8553535	11287582	7933109	12610128	12518224
12566713	9465097	12663770	11883199	10362134	11158207
7561785	12208977	12663788	8178438	12706096	12857908
11287582	8709207	9420209	12610128	12560332	12663788
11967289	12890615	9311816	9261437	12584306	8709207
11886254	12518224	12857908	8553535	11878901	9650960
12518224	8553535	11044077	11886254	9650960	7831768
10712890	11158207	9465097	12566713	11145916	10971133
8525612	11289806	8709207	7933109	9420209	9018146
12033775	9784363	11287582	8709207	11044077	10873782
12663788	11243812	9060658	8289365	11287582	12857908
8289365	11160736	7491757	11044077	12663788	8553535
12208977	12033769	14517069	7561785	12663788	7491757
7745672	7933109	8615005	8709207	9060652	9650960
12840887	8709207	11499923	11160736	11044077	10873782
12482659	11160736	9420209	8289365	7491757	12560332
12050360
9311816
11163673
8139029
12890615
7523700
10918034
7494284
9811779
9261437
9060658
10873782
10573627
7933109
7491757
7595373
11243812
11158207
8957670
8601783
9298727
7666533
9372953
10233949
12663770
8615005
9557678
8825715
9032384
12706096
12033769
8764516
11878901
11499923
8973339
10364381
9650960
9234794
8551571
11682199
10362134
11883199
10559364
8200503
8806551
9343214
9469843
10971133
11145916
11602792
9060652
12584306
11289806
14517069
