Number of components: 9
Number of edges: 430
Number of nodes: 316
Random jump factor: 0.15

PageRank of nodes, in descending order:
11559546 0.020165943138326207
9205064 0.011093422409899334
12776186 0.00933551558332487
12138094 0.008107563244956283
9545345 0.007967458202129279
12566306 0.007397432051134466
10674396 0.00703563531922331
12543789 0.006897523163322637
9852124 0.006691570152571495
11245436 0.006512007998947802
11479214 0.0061096289074445845
9056422 0.005501995376742841
11950959 0.005301096726266801
11102895 0.005139870433870606
10207053 0.005134788906808992
10766344 0.004707249714254749
11872675 0.00464973972292945
12937141 0.004619307121501163
10319328 0.004428569703660627
11704861 0.004395281195960155
9815941 0.0043865643112759875
12379772 0.004276071423659593
12374697 0.004276071423659593
11376121 0.004265293109750431
11788654 0.004249868861145272
10207105 0.004248153961499431
11149601 0.004244273546347251
9832424 0.004200570458985924
9892013 0.004163234237337412
10499513 0.004163234237337412
12447687 0.004159138114685552
8692980 0.004101713507242182
9311601 0.004043328613434413
10229198 0.003957664248358334
12592384 0.003953148846708758
11145562 0.00394498506811607
11500939 0.003942239999753176
14559833 0.003896036811247158
8674059 0.003896036811247158
10791772 0.0038493876045178343
10777488 0.003816135598641123
8188767 0.0037315317525938333
10232609 0.0037175488006638865
10816436 0.0037167321682292434
11896447 0.003700127745812166
10430101 0.0036731816890053877
11884618 0.0036367712875478167
11223541 0.0036352962713372267
9516080 0.0036078755412014933
8620490 0.0035670266939405136
7758167 0.003561652628675074
12503617 0.003558322266758435
11384880 0.003558322266758435
12068000 0.0034944510498171487
12438247 0.0034777004751173155
11228049 0.0034693105559520866
12360481 0.0033299459911638276
12489029 0.0033299459911638276
11416032 0.0032856406413451283
8205537 0.0032715959275753815
9322955 0.0032476934618371673
11278691 0.0032476934618371673
8732665 0.0032337105099072205
12444079 0.0032337105099072205
8646598 0.0031654409325105074
12767520 0.0031654409325105074
9539310 0.0031654409325105074
9842972 0.0031654409325105074
7593132 0.0031654409325105074
14534541 0.0031654409325105074
8609661 0.0031654409325105074
10383152 0.0031654409325105074
10676665 0.003162502189559317
12533667 0.0031475525677342555
12593846 0.0031475525677342555
12401798 0.0031475525677342555
8909524 0.0030892025041458085
12746434 0.0030892025041458085
10690548 0.0030892025041458085
10931447 0.0030892025041458085
12888657 0.003069323883285856
9159164 0.003059561015929392
8625368 0.003059561015929392
11594774 0.003032451489568545
11274216 0.003032451489568545
10401676 0.0029867102933222676
9065466 0.0029671813802294583
7664648 0.0029534789055610114
9699666 0.0029534789055610114
14583467 0.0029283602297338197
9883987 0.002900394325873925
10699960 0.002900394325873925
11498020 0.002900394325873925
8626686 0.002900394325873925
10077005 0.002900394325873925
11489838 0.002900394325873925
8069850 0.0028998949659033418
12571082 0.00288405487991512
14522909 0.00288405487991512
12121883 0.00288405487991512
8174129 0.0028643610223961736
10642432 0.0028643610223961736
12525256 0.0028461077004071586
12149650 0.0028461077004071586
12581018 0.0028461077004071586
9815813 0.0028461077004071586
9766646 0.0028461077004071586
11291931 0.0028461077004071586
8607861 0.0028461077004071586
11313980 0.0028461077004071586
11212254 0.0028461077004071586
11262195 0.0028461077004071586
12168088 0.0028461077004071586
12019176 0.0028461077004071586
11205897 0.0028461077004071586
9648831 0.0028461077004071586
14520693 0.0028461077004071586
8833657 0.0028461077004071586
11309283 0.0028461077004071586
10851068 0.0028461077004071586
12149131 0.0028461077004071586
9333017 0.0028461077004071586
12876289 0.0028461077004071586
10720440 0.0028321247484772117
11774034 0.0028321247484772117
7791758 0.0028321247484772117
12547158 0.0028321247484772117
8883970 0.0028321247484772117
10702400 0.0028321247484772117
9408753 0.0028321247484772117
7529049 0.0028321247484772117
8873895 0.0028321247484772117
8175666 0.0028321247484772117
7585609 0.0028321247484772117
11940579 0.002763855171080498
11161964 0.002763855171080498
9452421 0.002763855171080498
10830573 0.002763855171080498
12910533 0.002763855171080498
9553667 0.002763855171080498
10757056 0.002763855171080498
11494131 0.002763855171080498
9506989 0.002763855171080498
11001824 0.002763855171080498
10484052 0.002763855171080498
10611187 0.002763855171080498
8616829 0.002763855171080498
9342440 0.002763855171080498
11081412 0.002763855171080498
10734317 0.002763855171080498
9622092 0.002763855171080498
12545153 0.002763855171080498
11267857 0.002763855171080498
7959292 0.002763855171080498
11689295 0.002763855171080498
9048593 0.002763855171080498
10507775 0.002763855171080498
10569999 0.002763855171080498
7665217 0.002763855171080498
9166674 0.002763855171080498
9413957 0.002763855171080498
7627387 0.002763855171080498
10967123 0.002763855171080498
9413807 0.002763855171080498
7497000 0.002763855171080498
9231155 0.002763855171080498
12112314 0.002763855171080498
9591538 0.002763855171080498
9130892 0.002763855171080498
12876069 0.002763855171080498
12960057 0.002763855171080498
9150190 0.002763855171080498
10940495 0.002763855171080498
10849571 0.002763855171080498
11145572 0.002763855171080498
11879554 0.002763855171080498
9357999 0.002763855171080498
7527408 0.002763855171080498
12372686 0.002763855171080498
7509629 0.002763855171080498
8923458 0.002763855171080498
8806109 0.002763855171080498
11752009 0.002763855171080498
7977648 0.002763855171080498
12417786 0.002763855171080498
11135668 0.002763855171080498
7523316 0.002763855171080498
9831246 0.002763855171080498
10846175 0.002763855171080498
7525978 0.002763855171080498
12917202 0.002763855171080498
10917054 0.002763855171080498
10602507 0.002763855171080498
7788852 0.002763855171080498
8675593 0.002763855171080498
12539223 0.002763855171080498
11124964 0.002763855171080498
12530085 0.002763855171080498
11457860 0.002763855171080498
12750239 0.002763855171080498
12195157 0.002763855171080498
11591350 0.002763855171080498
10545285 0.002763855171080498
10619489 0.002763855171080498
11287353 0.002763855171080498
11716549 0.002763855171080498
8796841 0.002763855171080498
9671232 0.002763855171080498
11163495 0.002763855171080498
7529048 0.002763855171080498
10766352 0.002763855171080498
12556535 0.002763855171080498
10850457 0.002763855171080498
11023522 0.002763855171080498
9469330 0.002763855171080498
8603569 0.002763855171080498
9387030 0.002763855171080498
11150434 0.002763855171080498
11923875 0.002763855171080498
10368301 0.002763855171080498
12855680 0.002763855171080498
12482909 0.002763855171080498
11337496 0.002763855171080498
9331100 0.002763855171080498
12839944 0.002763855171080498
11546773 0.002763855171080498
9729323 0.002763855171080498
9492043 0.002763855171080498
9633824 0.002763855171080498
10847581 0.002763855171080498
10974650 0.002763855171080498
10234899 0.002763855171080498
10726973 0.002763855171080498
8710868 0.002763855171080498
11342260 0.002763855171080498
11781836 0.002763855171080498
7589243 0.002763855171080498
9821177 0.002763855171080498
8989772 0.002763855171080498
9679929 0.002763855171080498
9076342 0.002763855171080498
11260861 0.002763855171080498
9205049 0.002763855171080498
12473575 0.002763855171080498
11071655 0.002763855171080498
9202243 0.002763855171080498
9488037 0.002763855171080498
12538620 0.002763855171080498
9640416 0.002763855171080498
9312016 0.002763855171080498
11278392 0.002763855171080498
8616830 0.002763855171080498
11870540 0.002763855171080498
12867429 0.002763855171080498
11859875 0.002763855171080498
10830316 0.002763855171080498
11778548 0.002763855171080498
11041233 0.002763855171080498
12150454 0.002763855171080498
11334418 0.002763855171080498
11368881 0.002763855171080498
11398888 0.002763855171080498
11020056 0.002763855171080498
12473592 0.002763855171080498
7959284 0.002763855171080498
11713209 0.002763855171080498
8828463 0.002763855171080498
9704714 0.002763855171080498
12750288 0.002763855171080498
12466336 0.002763855171080498
12897145 0.002763855171080498
14528284 0.002763855171080498
10092114 0.002763855171080498
12754739 0.002763855171080498
9331099 0.002763855171080498
11988840 0.0023622694096504917
10669726 0.0023622694096504917
7624149 0.0023622694096504917
9342439 0.0023622694096504917
12941837 0.0023622694096504917
10435587 0.0023622694096504917
12746329 0.0023622694096504917
7743492 0.0023622694096504917
12188907 0.0023622694096504917
9394418 0.0023622694096504917
10985759 0.0023622694096504917
8145772 0.0023622694096504917
10438568 0.0023622694096504917
12414625 0.0023622694096504917
12105987 0.0023622694096504917
8286193 0.0023622694096504917
9815544 0.0023622694096504917
11005099 0.0023622694096504917
11453542 0.0023622694096504917
12641820 0.0023622694096504917
8626706 0.0023622694096504917
11577168 0.0023622694096504917
10026153 0.0023622694096504917
11507082 0.0023622694096504917
11694888 0.0023622694096504917
11885994 0.0023622694096504917
10427145 0.0023622694096504917
10919668 0.0023622694096504917
12031683 0.0023622694096504917
10950308 0.0023622694096504917
12193537 0.0023622694096504917
12890810 0.0023622694096504917
8595162 0.0023622694096504917
9850076 0.0023622694096504917
10459850 0.0023622694096504917
11376126 0.0023622694096504917
8665514 0.0023622694096504917
12543777 0.0023622694096504917
11828267 0.0023622694096504917
10720068 0.0023622694096504917
9515800 0.0023622694096504917
