Number of components: 12
Number of edges: 3545
Number of nodes: 1458
Random jump factor: 0.15

PageRank of nodes, in descending order:
9369084 0.012523127547404159
8669492 0.011588996098962388
12486146 0.008496353878437495
9265639 0.007808940834555928
10912914 0.007650317359661574
8614504 0.007610282241421993
12787320 0.0074342752714588334
11775232 0.0073561509443602876
8069300 0.006200036148577708
9520006 0.0060918167030599235
10936880 0.005835719761705033
10867785 0.00563617078099752
10525981 0.0055655017386976235
9343467 0.005497410642766413
8624095 0.005460193537253777
9756330 0.005333301709827107
8848271 0.005120314487032792
7824157 0.00439070711311069
12451108 0.004388338338356402
9003062 0.004044852233548699
11113217 0.004009638797885869
11950276 0.0038938816452021613
11790212 0.00381436804828888
9508150 0.0036954505721339863
8596645 0.0036657716738857133
12355988 0.003628997628735948
9626772 0.003456138650904631
8871590 0.0034080345797098386
11095526 0.003402109196485585
10980578 0.003379261896643687
8644717 0.0032791613191248494
11315514 0.003277034943126099
8624096 0.003265325246347858
10694577 0.0031658053697786884
10998553 0.003149152923885019
9307578 0.003128644080935839
10940674 0.0029868788818362595
9189032 0.0028714797900967174
10816430 0.002860288172112152
8128960 0.0028082420533841043
9619639 0.00279874475300202
8786847 0.0027696700565974525
12433263 0.002760179783832264
10483785 0.0027268687237022994
12876259 0.002696156942600788
8890772 0.002599011979792995
11939894 0.0025838874993143893
10611368 0.002471481433606441
8947284 0.0023990436320906507
12116196 0.0023314719810828507
9920359 0.002326639894438087
11895043 0.0023071731922578082
9460714 0.0023054294118329314
12192621 0.002293860900056556
8797010 0.0022720241834422346
12962909 0.002264532260104768
9012418 0.0022148360665818915
9850873 0.0021861609267382256
10852539 0.002129898027867228
11193807 0.0021254960760718504
7654074 0.00211902393584328
12105308 0.002095175976074094
12451676 0.002086502895613369
8929157 0.002018889738197732
9040748 0.002016075487762755
7992850 0.0020100262719350763
9052714 0.0019901972441349054
7566000 0.0019826355168235253
8648331 0.001958896038802058
10413465 0.0019505563907781108
11070505 0.001949110776529302
12411758 0.0019455503952885268
12552037 0.0018009253154456506
12951193 0.0018007459161573879
9728943 0.0017825392594363531
10818140 0.001781422406340041
10462111 0.0017783783210979253
11673590 0.0017738926948042179
10818505 0.0017527687586202068
10349334 0.0017330368344190886
8820179 0.0017301451010957518
7532337 0.0017301451010957518
8993479 0.0017061311966565548
7486872 0.0017054012119731038
10624576 0.001667471061789078
8040342 0.001662095469589544
8830309 0.0016594930764256878
9619150 0.0016559476479701297
7746463 0.0016430463993950004
10448801 0.001633690221401067
9425904 0.00162712773041793
10212558 0.0016191842191520607
9700658 0.0016191842191520607
7847867 0.0016088958929122313
14521991 0.0016033418837233296
8710077 0.0015875869313224011
12053131 0.0015763990581144237
12457072 0.0015532702564923038
9211985 0.0015220205706241129
8834536 0.001519645049169394
10682216 0.0015129100699323875
10488446 0.0015029758230491218
8702415 0.001482653173132985
10206226 0.0014593610765135678
9674794 0.0014458790449655185
8841967 0.0014423781318547457
9700208 0.0014360259271681565
9333264 0.0014221231219113922
12629906 0.0014183727811342831
10190327 0.0014154024275101582
9137113 0.0014131025671760328
9811931 0.0014008487677570757
8070517 0.0013853918092850844
12471457 0.001379300662004242
11115331 0.0013726498488843195
7670501 0.0013724907396399028
7970234 0.0013698991349005525
10687744 0.0013601776503152667
9280167 0.0013456026900442984
12379263 0.0013360265418932515
9270069 0.0013344965486120405
9290497 0.0013197566757464788
9674791 0.0013119203114009674
10329743 0.0013019644310295938
12419536 0.0012953799125364057
10818499 0.0012951909452701442
11173877 0.0012656834253989239
9831992 0.0012653474496310772
10671644 0.0012624564659656414
12609489 0.0012594027951203144
9547235 0.0012582384920547158
11281316 0.0012459879642302408
11683989 0.0012439884535368573
11015454 0.001220193638136547
9412500 0.001200928044158474
9524800 0.001166684882534559
10699053 0.0011614457234844602
9877525 0.0011509214165113036
12957508 0.001117429369276228
7891871 0.0011157627652298434
7485228 0.001109511324428421
9831994 0.0011047791338924535
9831993 0.0011047791338924535
11231028 0.001100125220637645
10413774 0.0010830582292405497
7487559 0.0010717115406502172
10912224 0.0010662842577796106
9777946 0.0010630262076355382
7853720 0.0010591229516144062
10528114 0.0010582567013044306
10609670 0.0010536886373519565
7763336 0.0010479750772145135
8075646 0.0010391616241050316
11889238 0.0010335329933687462
7695621 0.0010264724171763612
7944299 0.0010105531845187347
10194255 0.0010033734919504503
11535112 0.001002462669929874
9831995 9.968058326201962E-4
8725748 9.925967962948678E-4
8846238 9.909857294804175E-4
7534068 9.871602756748334E-4
11553277 9.849185819251708E-4
10454160 9.82418444739574E-4
11848621 9.811859056846617E-4
11045665 9.774067479588599E-4
9539409 9.753353122963807E-4
8631862 9.689078389976688E-4
7654070 9.683412741005788E-4
8596269 9.662114452221105E-4
10489042 9.652669326046226E-4
7891887 9.60004889504678E-4
10712207 9.564566493676027E-4
10050959 9.548267599403385E-4
9572586 9.325754978410739E-4
7884953 9.186445446701763E-4
9678319 9.159866618488261E-4
11041282 9.153813510645056E-4
9222173 9.132468420317177E-4
8841664 9.12649978463273E-4
9678311 9.094360909471632E-4
9347936 9.091333732106222E-4
10765057 9.074627286767829E-4
7721816 9.045739882951947E-4
9572591 9.00244815595475E-4
11302074 8.961203596938518E-4
11058789 8.941152612406866E-4
8731381 8.924432914965749E-4
11844476 8.835296410883377E-4
9647302 8.818699993449989E-4
10369830 8.798223092653544E-4
11285089 8.780713958958658E-4
11076057 8.749143754598792E-4
12944519 8.736163391111591E-4
7703749 8.728722129824514E-4
8203459 8.692520712995327E-4
8791246 8.678007697580838E-4
11493026 8.627288221311677E-4
8833436 8.623509530665174E-4
12581338 8.580126319817636E-4
11129109 8.448093003104861E-4
11212354 8.430127865211442E-4
7970216 8.339346350504284E-4
12901842 8.291243659829667E-4
9447442 8.219813717305069E-4
7964823 8.201759899113591E-4
7841371 8.151267847822856E-4
10559561 8.140899365913215E-4
10500259 8.128264327079838E-4
9562467 8.126623334835232E-4
8825898 8.098537201554276E-4
7615568 8.048900183501742E-4
11741391 8.042397235815497E-4
10411671 7.976310230564281E-4
7818244 7.966654556869665E-4
8624078 7.933678723869493E-4
11125748 7.850907405191892E-4
8525796 7.804611763477063E-4
11596149 7.793076477928709E-4
12788204 7.762327635218462E-4
9916507 7.760400392637316E-4
11325345 7.760278422840293E-4
12552038 7.733142655815656E-4
8993481 7.708571416266397E-4
9341576 7.686462304538379E-4
11016543 7.678166681786152E-4
8652146 7.636706377313542E-4
11482130 7.629347457622209E-4
9823831 7.623235862349437E-4
11122341 7.553673451210596E-4
10939571 7.550713564389564E-4
7579137 7.54932419417292E-4
10944562 7.546642595876903E-4
11145984 7.492553401754333E-4
8825894 7.481514296130152E-4
7951679 7.467166019885611E-4
10364643 7.430596608343602E-4
10436115 7.429626299917938E-4
10411341 7.429626299917938E-4
9785148 7.4149893565811E-4
11476599 7.410757844318549E-4
8811505 7.39466023346712E-4
10912918 7.389613631504975E-4
7824144 7.370689478854769E-4
8624076 7.341889310612324E-4
11483304 7.289623954590619E-4
8875468 7.289623954590619E-4
7729825 7.26080052735623E-4
11835377 7.260257275660694E-4
8980016 7.254475337459656E-4
8618665 7.206948831249168E-4
9718053 7.186828156890786E-4
8644745 7.135617127590995E-4
9340872 7.116960087478834E-4
8624097 7.102044919902986E-4
9398632 7.08150978650411E-4
8804040 7.076310933127972E-4
8872415 7.07360706748616E-4
7592957 7.046225239458513E-4
9461617 7.046225239458513E-4
9482681 7.038802442508349E-4
9121705 7.012696079444468E-4
12095653 7.00197239126666E-4
12167762 7.00197239126666E-4
8711797 6.972741530736496E-4
11743999 6.96577787103311E-4
10487843 6.956272697621329E-4
10487842 6.954042624372106E-4
7972031 6.950504908550868E-4
7814023 6.946126404028838E-4
9576554 6.944424168274432E-4
8047278 6.937020213927652E-4
10626834 6.923921535147925E-4
10668702 6.904171501169174E-4
8128961 6.896550563829963E-4
9484353 6.896057771597439E-4
7617191 6.890952032716879E-4
10910426 6.889852443329669E-4
12232782 6.888326951102184E-4
9651008 6.870938690691577E-4
9181358 6.847651885585882E-4
8624080 6.847499853276213E-4
11807900 6.83507869549845E-4
9178861 6.834815737267002E-4
9218645 6.827069429679827E-4
7951676 6.787439420396996E-4
10559559 6.778107640257507E-4
10634455 6.773020849768045E-4
9030704 6.772665169116326E-4
12015813 6.768922778947113E-4
10867209 6.76208463671549E-4
11416775 6.759911748562078E-4
8993483 6.701248961426282E-4
9886074 6.683884561323647E-4
10502286 6.683884561323647E-4
8977148 6.682028541226224E-4
9153464 6.669055903093691E-4
8980023 6.655453704183156E-4
10381540 6.653485836518535E-4
9292870 6.610570266838498E-4
8858181 6.595822891247805E-4
9057170 6.568356262297459E-4
8830319 6.54587460585191E-4
11273064 6.53688474588547E-4
9696068 6.524143789031689E-4
9098525 6.480331153704989E-4
10840275 6.479074641006259E-4
9148246 6.468149595592822E-4
12049183 6.455396263170181E-4
9051750 6.452957962873604E-4
9831633 6.452361630837808E-4
9129722 6.417916035367402E-4
10364641 6.410270470652542E-4
8592548 6.402300421212916E-4
9221969 6.400709532546464E-4
9880043 6.393177786328816E-4
9018389 6.390494136026036E-4
9467014 6.384602264808137E-4
8846237 6.369405515196914E-4
11676291 6.350105684082669E-4
9302273 6.349542442092263E-4
9221977 6.31946325153974E-4
10653281 6.316556085509185E-4
11071064 6.300204784136741E-4
9876966 6.273330127320386E-4
8622392 6.259908411094868E-4
8177532 6.253258587063811E-4
12392781 6.224546501988567E-4
11816788 6.20702207498201E-4
9637403 6.199106351003016E-4
8940294 6.198199157290865E-4
10936884 6.190685231159134E-4
7566652 6.18398607347333E-4
8692753 6.182935424728746E-4
9633759 6.164444800516205E-4
7611715 6.163573186947124E-4
10208640 6.16261178289595E-4
12117549 6.159331479215725E-4
9772023 6.152365406369778E-4
8741397 6.148725555502616E-4
10214736 6.147665873909851E-4
10213175 6.136430957154014E-4
10867779 6.112991051362754E-4
9482248 6.091754362734449E-4
9990558 6.083940017592997E-4
12182886 6.059843064717121E-4
7824200 6.023552991512118E-4
9350853 6.02184681045236E-4
9052712 6.018405477108866E-4
8618855 5.986876561126302E-4
11113336 5.98296285100815E-4
11343837 5.950142051121606E-4
7977635 5.932487730669865E-4
10668703 5.924741664378645E-4
11447827 5.922089795617695E-4
8733730 5.920518705839137E-4
7550352 5.915133397436634E-4
8313935 5.900702810341098E-4
9621997 5.896964515651078E-4
9848808 5.896657114650766E-4
12657895 5.879692918752139E-4
12011307 5.873622619062822E-4
9822164 5.860448158126003E-4
7696609 5.853445105969593E-4
7710373 5.853445105969593E-4
9701675 5.832589259667598E-4
10027417 5.83076446504344E-4
12607822 5.800052902798024E-4
12536572 5.798725322909796E-4
7847069 5.796870828819976E-4
11936239 5.794655967753721E-4
11444802 5.786372291546831E-4
8651641 5.778890041019088E-4
7675243 5.771409494719047E-4
8829725 5.759659443547445E-4
10322238 5.753175414707403E-4
8161573 5.750906716054277E-4
9486483 5.748876321661502E-4
10369305 5.724107756381531E-4
8710076 5.718337770820681E-4
7595642 5.669414182726856E-4
9878186 5.668601494206486E-4
8872419 5.659629580941629E-4
11122949 5.647544337763252E-4
9751198 5.647415553720521E-4
11173875 5.634572756545373E-4
7816154 5.625986843513939E-4
8915608 5.624150370465138E-4
8572669 5.616760874744222E-4
8826994 5.61397868523164E-4
10746604 5.61397868523164E-4
10599773 5.606780573919493E-4
9863603 5.600922215642926E-4
11172628 5.582744017547285E-4
9187933 5.581679839851514E-4
9147408 5.576483502140377E-4
10718322 5.572539499986108E-4
12111863 5.570998569594898E-4
11347179 5.561606232021769E-4
7761390 5.55873229531587E-4
9559926 5.558707461175075E-4
7783963 5.558707461175074E-4
14501024 5.54229025561585E-4
10172880 5.54165589851275E-4
10027548 5.528735414252219E-4
7585009 5.515347900828582E-4
10079962 5.515347900828582E-4
10088051 5.510259620682277E-4
12950448 5.509396893306971E-4
11578777 5.509396893306971E-4
8747858 5.509149550423177E-4
8741132 5.507863033034214E-4
8987775 5.507400724428511E-4
9074396 5.505053315502147E-4
11470958 5.493976983975749E-4
9382479 5.492497922621439E-4
11255440 5.489398279192317E-4
8158175 5.488571458648288E-4
12722493 5.488571458648288E-4
8993489 5.482440841615E-4
10766901 5.478354618751818E-4
11501342 5.466761543613466E-4
12394840 5.466761543613466E-4
7595656 5.466738491073635E-4
7668835 5.455349149445801E-4
12142731 5.44833771629035E-4
8171342 5.445357295543207E-4
9369317 5.441352722580462E-4
11305869 5.441352722580462E-4
10625715 5.437384592316473E-4
9366728 5.433993029237245E-4
11778650 5.417434258807445E-4
11358444 5.409996319342934E-4
8309625 5.398060492483182E-4
9506546 5.38742223565189E-4
9225693 5.375869097253822E-4
10558867 5.374328864803115E-4
11716140 5.351775132713429E-4
12417379 5.329073135761121E-4
10961427 5.326958179871076E-4
11804704 5.324382419127519E-4
7672107 5.311669786173419E-4
7542371 5.284097316967802E-4
11578751 5.284097316967802E-4
10071711 5.277919454011836E-4
7525898 5.268179935634126E-4
9470136 5.267188612689776E-4
14507342 5.257990951577491E-4
9549720 5.23523931664865E-4
10430422 5.226741993674021E-4
10818508 5.212774889074333E-4
8848934 5.212774889074333E-4
10775884 5.210259112057702E-4
12581343 5.206643245391252E-4
7639323 5.199551134714877E-4
12135350 5.198706279496085E-4
12214015 5.190256751937723E-4
9831815 5.186692911882224E-4
9003067 5.186692911882224E-4
12480755 5.186692911882224E-4
9327086 5.183074169218795E-4
10936877 5.177692776034038E-4
9631384 5.176179140156137E-4
14512715 5.151168780848876E-4
12459519 5.147808692852736E-4
7755355 5.13696550605169E-4
12411763 5.136818010812918E-4
11068149 5.127601258000089E-4
9733229 5.125216426745451E-4
9017530 5.112830740169948E-4
10910416 5.112830740169948E-4
10494348 5.09291128678853E-4
9665654 5.090005602616395E-4
10078062 5.08928850679665E-4
11447828 5.08928850679665E-4
12584430 5.08928850679665E-4
9386771 5.08928850679665E-4
10880397 5.08928850679665E-4
10823584 5.086663049276411E-4
11125144 5.081838208043461E-4
11715411 5.076125783123731E-4
12552039 5.075030555694838E-4
11711530 5.074449022055306E-4
10501208 5.074449022055306E-4
10354518 5.062854144447582E-4
8530010 5.056155155393283E-4
12123862 5.054626874629902E-4
11305015 5.047094991934749E-4
10777685 5.0447521678287E-4
11343827 5.044394384582222E-4
10886308 5.033814042254279E-4
9100668 5.017714005672472E-4
11732920 5.017534032040847E-4
9566384 5.016570942678864E-4
12468034 5.002900365424117E-4
8620924 5.002398974531066E-4
9791536 4.994455582822467E-4
11408727 4.989258644190839E-4
10643890 4.988639700356557E-4
11166730 4.988639700356557E-4
7898715 4.978369910596824E-4
9494696 4.977504793200644E-4
12459889 4.975698630676276E-4
10567488 4.970110161498534E-4
11436129 4.955768882587011E-4
11769703 4.952998061883221E-4
8730823 4.952998061883221E-4
8624079 4.945347470259286E-4
9129962 4.943063452831671E-4
8624098 4.93503649976604E-4
10811879 4.932086783836941E-4
11378241 4.927567986146218E-4
12433260 4.916431747527112E-4
8993478 4.898205623332873E-4
11143490 4.893795011948264E-4
10525138 4.893795011948264E-4
7605379 4.893795011948264E-4
9520135 4.89242274728747E-4
9853706 4.891915289406945E-4
10490274 4.888336524424292E-4
12658281 4.885545626829519E-4
11576650 4.877332334217371E-4
12147333 4.8727057564129623E-4
12163621 4.869570223531054E-4
8816305 4.869570223531054E-4
11032626 4.868386190915265E-4
9536100 4.866088643722659E-4
12226532 4.8513346282529426E-4
11920850 4.8513346282529426E-4
9349544 4.8495370412950057E-4
7937774 4.8481190684382646E-4
9329686 4.8456523700047627E-4
11157409 4.84504429432701E-4
10030402 4.8291002773162995E-4
7715296 4.827279944541983E-4
8086986 4.825093960817982E-4
12614323 4.82356400905202E-4
10835442 4.814642991927711E-4
9147873 4.814642991927711E-4
9067471 4.8035120844179E-4
10027555 4.8026427568076575E-4
11303757 4.7914249115712414E-4
10366621 4.791287400898791E-4
8782820 4.7891345323807834E-4
11320185 4.7758154378230904E-4
12668899 4.7738989023651454E-4
8544899 4.771575511837932E-4
10671320 4.768083014982988E-4
12226533 4.7680830149829877E-4
11005255 4.7680830149829877E-4
11458997 4.759805392997891E-4
8762193 4.75393022316737E-4
10766998 4.751916338539657E-4
8618881 4.7510314523206655E-4
11120597 4.7510314523206655E-4
7846048 4.7510314523206655E-4
9292886 4.7510314523206655E-4
11240021 4.7510314523206655E-4
9074395 4.7510314523206655E-4
7566008 4.7310811188116375E-4
8951889 4.7310811188116375E-4
11378247 4.7276895557324096E-4
9597090 4.7276895557324096E-4
12807963 4.715395089614429E-4
7802679 4.7111307853026107E-4
7664194 4.7111307853026107E-4
11293821 4.695213403968935E-4
11591456 4.6896374680177865E-4
12541014 4.6896374680177865E-4
11377835 4.6896374680177865E-4
9804121 4.6825235240462306E-4
10369887 4.677088846980858E-4
7810577 4.654220773243332E-4
12392766 4.654119839467617E-4
11790634 4.6533196462347813E-4
10656299 4.650728276388389E-4
12393935 4.650728276388389E-4
9875528 4.650728276388389E-4
10920030 4.650728276388389E-4
10867214 4.650728276388389E-4
7676127 4.650728276388389E-4
10541592 4.646843921076637E-4
11710891 4.6336767137260655E-4
11354629 4.6336767137260655E-4
9622609 4.6336767137260655E-4
7969418 4.6336767137260655E-4
8058160 4.6336767137260655E-4
9213069 4.6336767137260655E-4
11311545 4.6336767137260655E-4
12077215 4.6302191690579135E-4
7944308 4.613726380217038E-4
9471175 4.613726380217038E-4
11556686 4.613726380217038E-4
11711225 4.613726380217038E-4
11721146 4.613726380217038E-4
8558171 4.613726380217038E-4
9169250 4.613726380217038E-4
9523562 4.613726380217038E-4
10592690 4.613726380217038E-4
11060356 4.613726380217038E-4
12957490 4.613726380217038E-4
8674441 4.613726380217038E-4
9547474 4.613726380217038E-4
9786245 4.613726380217038E-4
12212789 4.613726380217038E-4
7876895 4.6096265529398914E-4
9224523 4.6096265529398914E-4
8786385 4.6096265529398914E-4
10601411 4.604633807690798E-4
10891924 4.604633807690798E-4
7765750 4.5733629960198935E-4
10430421 4.566986619068506E-4
10587578 4.5607255699247636E-4
7574468 4.549683989148357E-4
11087768 4.5440991238590323E-4
9826113 4.5440991238590323E-4
11376902 4.541665855437697E-4
11882744 4.541665855437697E-4
11173876 4.541405663069526E-4
11123940 4.521107397567307E-4
9329691 4.519944755123346E-4
10668705 4.5195752990379983E-4
11723294 4.5163219751314667E-4
11851296 4.5163219751314667E-4
11523146 4.5163219751314667E-4
12582468 4.5163219751314667E-4
7649988 4.5163219751314667E-4
9152721 4.5163219751314667E-4
10570512 4.5163219751314667E-4
12465441 4.5163219751314667E-4
10593304 4.5163219751314667E-4
8642164 4.5163219751314667E-4
10419818 4.5163219751314667E-4
9786612 4.5163219751314667E-4
8890929 4.5163219751314667E-4
11863377 4.5163219751314667E-4
12417380 4.5163219751314667E-4
8682150 4.5163219751314667E-4
11940690 4.5163219751314667E-4
11925775 4.5163219751314667E-4
11255448 4.5163219751314667E-4
12105373 4.5163219751314667E-4
10918055 4.5163219751314667E-4
7936253 4.5163219751314667E-4
8656944 4.5163219751314667E-4
8175773 4.5163219751314667E-4
12856536 4.5163219751314667E-4
11684904 4.5163219751314667E-4
10319883 4.5163219751314667E-4
12525890 4.5163219751314667E-4
10428074 4.506651255079222E-4
9422368 4.501482490390121E-4
7637575 4.501482490390121E-4
9259370 4.4831886237280995E-4
10953177 4.481660342964718E-4
12782345 4.481660342964718E-4
10208278 4.460135967817836E-4
12947160 4.4499095276363083E-4
12074828 4.449812294266868E-4
10998477 4.4414246789784456E-4
12031891 4.4285629260666155E-4
12076977 4.4285629260666155E-4
12507771 4.4285629260666155E-4
8044413 4.424084118738915E-4
8525799 4.41819783400851E-4
9403708 4.416292112525657E-4
8648892 4.4156731686913756E-4
7488135 4.4156731686913756E-4
12495082 4.4095983022448784E-4
11571321 4.4095983022448784E-4
9781520 4.4095983022448784E-4
8859062 4.4095983022448784E-4
8014966 4.405988119142199E-4
12365882 4.3775958973191334E-4
10593300 4.3775958973191334E-4
11835370 4.3775958973191334E-4
10336256 4.3771451963736446E-4
9700655 4.373509417921553E-4
9173910 4.365475573597609E-4
9532343 4.365475573597609E-4
8624094 4.365475573597609E-4
7710374 4.365475573597609E-4
12833577 4.361929969703825E-4
9627181 4.361619709857707E-4
11387943 4.3561730879687827E-4
9669695 4.35407311432244E-4
9246676 4.351529473138041E-4
8780111 4.351529473138041E-4
12006218 4.3484296010207527E-4
11589913 4.348043920645361E-4
7751846 4.3282671203429587E-4
10399868 4.3225466634269947E-4
11333435 4.319456215622287E-4
10582625 4.317459655335638E-4
8939277 4.306726434686836E-4
11443731 4.3043658025521884E-4
9521254 4.3024046529599664E-4
9812182 4.29973922474778E-4
9529753 4.2977993868168905E-4
9593678 4.2961004965297176E-4
10360679 4.2961004965297176E-4
11904138 4.286251527478842E-4
7473659 4.2842874341536124E-4
10025785 4.2755347438191657E-4
10771168 4.2755347438191657E-4
10861213 4.2733735855993453E-4
9427340 4.2658120820072157E-4
10936881 4.2527333605695515E-4
9598682 4.243648746868847E-4
11971084 4.239570905102204E-4
9305342 4.239570905102204E-4
9058415 4.2356906199095674E-4
11445256 4.235568658723001E-4
9236226 4.235568658723001E-4
12890772 4.235568658723001E-4
11706973 4.235568658723001E-4
12761223 4.235568658723001E-4
9484359 4.2333311533550343E-4
9003488 4.2333311533550343E-4
12951205 4.2296762251424757E-4
11774719 4.228395801472735E-4
11110974 4.228395801472735E-4
7478253 4.2234010226576806E-4
11988340 4.21845837990606E-4
10961667 4.21845837990606E-4
11698154 4.21845837990606E-4
12876265 4.21845837990606E-4
10465706 4.21845837990606E-4
7644022 4.209345839580453E-4
12657430 4.200932370699964E-4
12226534 4.195116483317807E-4
12573540 4.1910271978483094E-4
9625186 4.1906555608212906E-4
11769724 4.188878903859719E-4
8602762 4.18698670969372E-4
10799751 4.1849084533643365E-4
10338292 4.184542456484841E-4
7740560 4.181557417510428E-4
12374623 4.1809636915021893E-4
11165374 4.1809636915021893E-4
11327877 4.1809636915021893E-4
12237848 4.1780649206554847E-4
11890488 4.1780649206554847E-4
12230303 4.1780649206554847E-4
9583189 4.174096790391491E-4
9667569 4.1712817944970277E-4
11698153 4.167627976835198E-4
11403971 4.167627976835198E-4
11822882 4.167627976835198E-4
8712790 4.161013357993162E-4
10806314 4.161013357993162E-4
9852204 4.161013357993162E-4
8726460 4.161013357993162E-4
10026381 4.161013357993162E-4
9708953 4.161013357993162E-4
7970208 4.161013357993162E-4
10352866 4.161013357993162E-4
7728146 4.161013357993162E-4
8290946 4.1581145871464573E-4
8295635 4.1581145871464573E-4
8632164 4.154723024067229E-4
12405544 4.153177339762178E-4
9929679 4.138780265051782E-4
8633046 4.13816425363743E-4
8710175 4.13816425363743E-4
8687416 4.13816425363743E-4
11378846 4.13816425363743E-4
12230301 4.13816425363743E-4
9562469 4.111864870047852E-4
10507547 4.106194930122956E-4
9836756 4.10522248372134E-4
10391478 4.1043576937182386E-4
8649552 4.1017983010954164E-4
8139083 4.1017983010954164E-4
10652986 4.093354181907827E-4
11132184 4.093354181907827E-4
10737615 4.0811533078024355E-4
9549589 4.077761744723207E-4
8683540 4.077761744723207E-4
9164326 4.077761744723207E-4
12453673 4.077761744723207E-4
11448080 4.077761744723207E-4
7857652 4.060710182060885E-4
9285479 4.060710182060885E-4
12809979 4.060710182060885E-4
8761956 4.060710182060885E-4
9740234 4.060710182060885E-4
11527492 4.060710182060885E-4
9486746 4.060710182060885E-4
9486747 4.060710182060885E-4
10066860 4.060710182060885E-4
10619631 4.060710182060885E-4
12507914 4.060710182060885E-4
11113612 4.060710182060885E-4
8751868 4.060710182060885E-4
12192623 4.060710182060885E-4
10818510 4.060710182060885E-4
10818513 4.060710182060885E-4
8554056 4.060710182060885E-4
8813351 4.060710182060885E-4
7977363 4.060710182060885E-4
9588907 4.060710182060885E-4
11869551 4.060710182060885E-4
7755725 4.060710182060885E-4
11516561 4.060710182060885E-4
12490529 4.060710182060885E-4
8854306 4.060710182060885E-4
9409253 4.060710182060885E-4
9929680 4.060710182060885E-4
9929677 4.060710182060885E-4
11816786 4.060710182060885E-4
7969426 4.060710182060885E-4
9153643 4.060710182060885E-4
8983040 4.060710182060885E-4
9502209 4.060710182060885E-4
11161595 4.060710182060885E-4
12971913 4.060710182060885E-4
9667603 4.060710182060885E-4
8651653 4.060710182060885E-4
9514597 4.060710182060885E-4
8892351 4.060710182060885E-4
12231459 4.060710182060885E-4
7922348 4.060710182060885E-4
11898555 4.060710182060885E-4
8971103 4.060710182060885E-4
9184634 4.060710182060885E-4
9024330 4.060710182060885E-4
10461029 4.060710182060885E-4
11222634 4.060710182060885E-4
11193808 4.060710182060885E-4
8938267 4.060710182060885E-4
9325076 4.060710182060885E-4
10822352 4.060710182060885E-4
9280168 4.060710182060885E-4
9327723 4.060710182060885E-4
8756999 4.060710182060885E-4
10400221 4.060710182060885E-4
9073026 4.060710182060885E-4
9566379 4.060710182060885E-4
9073034 4.060710182060885E-4
12634421 4.060710182060885E-4
11755001 4.060710182060885E-4
11755000 4.060710182060885E-4
8559364 4.060710182060885E-4
12812866 4.060710182060885E-4
9876967 4.060710182060885E-4
8773610 4.060710182060885E-4
12161276 4.060710182060885E-4
7700444 4.060710182060885E-4
8679539 4.060710182060885E-4
8823200 4.060710182060885E-4
9298817 4.060710182060885E-4
10670439 4.060710182060885E-4
11531831 4.060710182060885E-4
10230703 4.060710182060885E-4
11893839 4.060710182060885E-4
7810590 4.060710182060885E-4
12901781 4.060710182060885E-4
11987699 4.060710182060885E-4
9185685 4.060710182060885E-4
8832646 4.060710182060885E-4
9300650 4.060710182060885E-4
7474917 4.060710182060885E-4
11193147 4.06013361487612E-4
10767725 4.057318618981656E-4
8744402 4.057318618981656E-4
9006661 4.057318618981656E-4
12642767 4.057318618981656E-4
9386782 4.057318618981656E-4
8525803 4.057318618981656E-4
10952022 4.057318618981656E-4
9660395 4.040759848551857E-4
9520072 4.040759848551857E-4
11739991 4.040759848551857E-4
9089676 4.040759848551857E-4
11123907 4.040759848551857E-4
9370233 4.040759848551857E-4
10195399 4.040759848551857E-4
11464464 4.040759848551857E-4
8744405 4.040759848551857E-4
8744406 4.040759848551857E-4
11067868 4.040759848551857E-4
8039724 4.040759848551857E-4
7581381 4.040759848551857E-4
10947802 4.040759848551857E-4
9436726 4.040759848551857E-4
9013407 4.040759848551857E-4
8075630 4.040759848551857E-4
9033259 4.040759848551857E-4
8993485 4.040759848551857E-4
9143263 4.040759848551857E-4
10749663 4.040759848551857E-4
10936878 4.040759848551857E-4
10474059 4.040759848551857E-4
11405810 4.040759848551857E-4
11408299 4.040759848551857E-4
8013374 4.040759848551857E-4
8649585 4.040759848551857E-4
9214529 4.040759848551857E-4
10855603 4.040759848551857E-4
10190820 4.040759848551857E-4
12405546 4.040759848551857E-4
11825674 4.040759848551857E-4
9258256 4.040759848551857E-4
8709703 4.040759848551857E-4
8841971 4.040759848551857E-4
9341932 4.040759848551857E-4
10027549 4.040759848551857E-4
10501182 4.040759848551857E-4
9469259 4.040759848551857E-4
12128082 4.040759848551857E-4
8656943 4.040759848551857E-4
8786379 4.040759848551857E-4
9126060 4.040759848551857E-4
12724118 4.040759848551857E-4
9718052 4.040759848551857E-4
10737598 4.040759848551857E-4
8891070 4.040759848551857E-4
7717688 4.040759848551857E-4
9527138 3.943355443466285E-4
9767914 3.943355443466285E-4
10534164 3.943355443466285E-4
10432380 3.943355443466285E-4
8761338 3.943355443466285E-4
8676723 3.943355443466285E-4
7668834 3.943355443466285E-4
8804993 3.943355443466285E-4
7936857 3.943355443466285E-4
10737693 3.943355443466285E-4
11264988 3.943355443466285E-4
10439444 3.943355443466285E-4
11986126 3.943355443466285E-4
10412731 3.943355443466285E-4
8869295 3.943355443466285E-4
11408789 3.943355443466285E-4
8173818 3.943355443466285E-4
7888092 3.943355443466285E-4
9925654 3.943355443466285E-4
9222170 3.943355443466285E-4
12498968 3.943355443466285E-4
9219874 3.943355443466285E-4
8864947 3.943355443466285E-4
11901276 3.943355443466285E-4
9181359 3.943355443466285E-4
10775535 3.943355443466285E-4
9129729 3.943355443466285E-4
11940706 3.943355443466285E-4
7526899 3.943355443466285E-4
7706948 3.943355443466285E-4
12205106 3.943355443466285E-4
8576504 3.943355443466285E-4
10818526 3.943355443466285E-4
12834112 3.943355443466285E-4
9672379 3.943355443466285E-4
10818534 3.943355443466285E-4
11464462 3.943355443466285E-4
11738469 3.943355443466285E-4
10219785 3.943355443466285E-4
8128315 3.943355443466285E-4
9689449 3.943355443466285E-4
11454984 3.943355443466285E-4
12030413 3.943355443466285E-4
9592052 3.943355443466285E-4
8871952 3.943355443466285E-4
9014911 3.943355443466285E-4
11357958 3.943355443466285E-4
9710033 3.943355443466285E-4
11290387 3.943355443466285E-4
8123007 3.943355443466285E-4
9635475 3.943355443466285E-4
12495080 3.943355443466285E-4
11844869 3.943355443466285E-4
9125900 3.943355443466285E-4
12391598 3.943355443466285E-4
12709467 3.943355443466285E-4
10869806 3.943355443466285E-4
10428071 3.943355443466285E-4
8725895 3.943355443466285E-4
10860300 3.943355443466285E-4
9165306 3.943355443466285E-4
11589917 3.943355443466285E-4
10822427 3.943355443466285E-4
11273849 3.943355443466285E-4
7612383 3.943355443466285E-4
9326295 3.943355443466285E-4
9221767 3.943355443466285E-4
12548360 3.943355443466285E-4
10403716 3.943355443466285E-4
11430905 3.943355443466285E-4
7582040 3.943355443466285E-4
9340870 3.943355443466285E-4
8636429 3.943355443466285E-4
12810610 3.943355443466285E-4
11746653 3.943355443466285E-4
10815129 3.943355443466285E-4
9559653 3.943355443466285E-4
8071310 3.943355443466285E-4
11899259 3.943355443466285E-4
9774779 3.943355443466285E-4
8058125 3.943355443466285E-4
12782758 3.943355443466285E-4
9223597 3.943355443466285E-4
10785619 3.943355443466285E-4
7619017 3.943355443466285E-4
7783958 3.943355443466285E-4
9620064 3.943355443466285E-4
11574101 3.943355443466285E-4
10570509 3.943355443466285E-4
10858588 3.943355443466285E-4
7609909 3.943355443466285E-4
9033257 3.943355443466285E-4
12849539 3.943355443466285E-4
8803817 3.943355443466285E-4
12646385 3.943355443466285E-4
12077730 3.943355443466285E-4
11177205 3.943355443466285E-4
10794857 3.943355443466285E-4
8912490 3.943355443466285E-4
10636159 3.943355443466285E-4
11992623 3.943355443466285E-4
10732806 3.943355443466285E-4
10394937 3.943355443466285E-4
7818249 3.943355443466285E-4
11442298 3.943355443466285E-4
7700578 3.943355443466285E-4
10637933 3.943355443466285E-4
11338204 3.943355443466285E-4
11816789 3.943355443466285E-4
10867200 3.943355443466285E-4
12112161 3.943355443466285E-4
9743578 3.943355443466285E-4
12391602 3.943355443466285E-4
11816794 3.943355443466285E-4
10946021 3.943355443466285E-4
12559837 3.943355443466285E-4
8042921 3.943355443466285E-4
7700597 3.943355443466285E-4
7700596 3.943355443466285E-4
8602063 3.943355443466285E-4
11513353 3.943355443466285E-4
12722978 3.943355443466285E-4
10081980 3.943355443466285E-4
12875979 3.943355443466285E-4
8941642 3.943355443466285E-4
9693262 3.943355443466285E-4
12876550 3.943355443466285E-4
11756600 3.943355443466285E-4
7823376 3.943355443466285E-4
7879604 3.943355443466285E-4
11099722 3.943355443466285E-4
11598497 3.943355443466285E-4
10197814 3.943355443466285E-4
9869645 3.943355443466285E-4
7847865 3.943355443466285E-4
9468467 3.943355443466285E-4
11360807 3.943355443466285E-4
7713402 3.943355443466285E-4
9763475 3.943355443466285E-4
14511323 3.943355443466285E-4
9048759 3.943355443466285E-4
9219743 3.943355443466285E-4
9018400 3.943355443466285E-4
12384263 3.943355443466285E-4
10186439 3.943355443466285E-4
11375142 3.943355443466285E-4
9780089 3.943355443466285E-4
12453676 3.943355443466285E-4
11936240 3.943355443466285E-4
7568158 3.943355443466285E-4
9630508 3.943355443466285E-4
9536099 3.943355443466285E-4
11893773 3.943355443466285E-4
7776813 3.943355443466285E-4
9848097 3.943355443466285E-4
9743563 3.943355443466285E-4
11435901 3.943355443466285E-4
10959835 3.943355443466285E-4
9681639 3.943355443466285E-4
11409442 3.943355443466285E-4
9681640 3.943355443466285E-4
12000192 3.943355443466285E-4
7574461 3.943355443466285E-4
10846860 3.943355443466285E-4
12637699 3.943355443466285E-4
12670700 3.943355443466285E-4
12160362 3.943355443466285E-4
8083686 3.943355443466285E-4
8083687 3.943355443466285E-4
9704150 3.943355443466285E-4
9740113 3.943355443466285E-4
11087769 3.943355443466285E-4
12376533 3.943355443466285E-4
10970054 3.943355443466285E-4
7849527 3.943355443466285E-4
12095226 3.943355443466285E-4
7909036 3.943355443466285E-4
7673184 3.943355443466285E-4
10599878 3.943355443466285E-4
10592684 3.943355443466285E-4
11941486 3.943355443466285E-4
10599813 3.943355443466285E-4
7853700 3.943355443466285E-4
10592634 3.943355443466285E-4
11336076 3.943355443466285E-4
12917433 3.943355443466285E-4
8955927 3.943355443466285E-4
11934472 3.943355443466285E-4
7583250 3.943355443466285E-4
8931004 3.943355443466285E-4
11592113 3.943355443466285E-4
9015824 3.943355443466285E-4
10422994 3.943355443466285E-4
9106747 3.943355443466285E-4
11705626 3.943355443466285E-4
10984073 3.943355443466285E-4
12037434 3.943355443466285E-4
10421878 3.943355443466285E-4
8709704 3.943355443466285E-4
12042316 3.943355443466285E-4
11715112 3.943355443466285E-4
11369806 3.943355443466285E-4
10629142 3.943355443466285E-4
8996815 3.943355443466285E-4
12682309 3.943355443466285E-4
12957499 3.943355443466285E-4
8521945 3.943355443466285E-4
11722612 3.943355443466285E-4
8843828 3.943355443466285E-4
9568731 3.943355443466285E-4
9083560 3.943355443466285E-4
8154882 3.943355443466285E-4
12402229 3.943355443466285E-4
7952845 3.943355443466285E-4
11256794 3.943355443466285E-4
7646655 3.943355443466285E-4
9782459 3.943355443466285E-4
10192210 3.943355443466285E-4
11074789 3.943355443466285E-4
10571241 3.943355443466285E-4
8811124 3.943355443466285E-4
10192208 3.943355443466285E-4
10685028 3.943355443466285E-4
12824768 3.943355443466285E-4
8881379 3.943355443466285E-4
11642543 3.943355443466285E-4
7696597 3.943355443466285E-4
9125318 3.943355443466285E-4
11122698 3.943355443466285E-4
11035488 3.943355443466285E-4
11940689 3.943355443466285E-4
14574626 3.943355443466285E-4
8890599 3.943355443466285E-4
7539827 3.943355443466285E-4
10501193 3.943355443466285E-4
7619525 3.943355443466285E-4
9335533 3.943355443466285E-4
9855543 3.943355443466285E-4
9837937 3.943355443466285E-4
12826741 3.943355443466285E-4
11007687 3.943355443466285E-4
8890795 3.943355443466285E-4
9383026 3.943355443466285E-4
8659934 3.943355443466285E-4
11861652 3.943355443466285E-4
8929997 3.943355443466285E-4
9198315 3.943355443466285E-4
10851367 3.943355443466285E-4
10766403 3.943355443466285E-4
10681402 3.943355443466285E-4
11734357 3.943355443466285E-4
9447448 3.943355443466285E-4
9066358 3.943355443466285E-4
12882964 3.943355443466285E-4
12115887 3.943355443466285E-4
9066369 3.943355443466285E-4
11912108 3.943355443466285E-4
11565608 3.943355443466285E-4
9445249 3.943355443466285E-4
9844031 3.943355443466285E-4
11044587 3.943355443466285E-4
12885574 3.943355443466285E-4
12885570 3.943355443466285E-4
11069947 3.943355443466285E-4
12580702 3.943355443466285E-4
12555245 3.943355443466285E-4
9862571 3.943355443466285E-4
9854388 3.943355443466285E-4
10505604 3.943355443466285E-4
11849755 3.943355443466285E-4
10591674 3.943355443466285E-4
8042228 3.943355443466285E-4
10994644 3.943355443466285E-4
11553788 3.943355443466285E-4
9562306 3.943355443466285E-4
10737120 3.943355443466285E-4
10737125 3.943355443466285E-4
8773602 3.943355443466285E-4
11882522 3.943355443466285E-4
8906609 3.943355443466285E-4
8526476 3.943355443466285E-4
8526475 3.943355443466285E-4
7818636 3.943355443466285E-4
9596412 3.943355443466285E-4
12111439 3.943355443466285E-4
12637119 3.943355443466285E-4
9424665 3.943355443466285E-4
8880693 3.943355443466285E-4
10873585 3.943355443466285E-4
9237487 3.943355443466285E-4
12363410 3.943355443466285E-4
11769625 3.943355443466285E-4
9174000 3.943355443466285E-4
8786396 3.943355443466285E-4
8273205 3.943355443466285E-4
12784029 3.943355443466285E-4
11496365 3.943355443466285E-4
11930162 3.943355443466285E-4
12123847 3.943355443466285E-4
9470130 3.943355443466285E-4
11684342 3.943355443466285E-4
9853024 3.943355443466285E-4
11072138 3.943355443466285E-4
10668701 3.943355443466285E-4
10325447 3.943355443466285E-4
9153523 3.943355443466285E-4
11684351 3.943355443466285E-4
10898905 3.943355443466285E-4
9121226 3.943355443466285E-4
10526094 3.943355443466285E-4
12023056 3.943355443466285E-4
8691961 3.943355443466285E-4
9329486 3.943355443466285E-4
9326451 3.943355443466285E-4
9649761 3.943355443466285E-4
11257253 3.943355443466285E-4
9524247 3.943355443466285E-4
10488949 3.943355443466285E-4
11421127 3.943355443466285E-4
11558492 3.943355443466285E-4
10534256 3.943355443466285E-4
11259129 3.943355443466285E-4
8958361 3.943355443466285E-4
9932417 3.943355443466285E-4
9603433 3.943355443466285E-4
9017975 3.370388911801103E-4
12007670 3.370388911801103E-4
10534156 3.370388911801103E-4
7481373 3.370388911801103E-4
7540552 3.370388911801103E-4
12580698 3.370388911801103E-4
11216203 3.370388911801103E-4
8035940 3.370388911801103E-4
8624107 3.370388911801103E-4
8024269 3.370388911801103E-4
11173882 3.370388911801103E-4
9721442 3.370388911801103E-4
8544551 3.370388911801103E-4
10207721 3.370388911801103E-4
12566177 3.370388911801103E-4
11447826 3.370388911801103E-4
12169205 3.370388911801103E-4
12935416 3.370388911801103E-4
8669075 3.370388911801103E-4
8172944 3.370388911801103E-4
10487844 3.370388911801103E-4
7821387 3.370388911801103E-4
12399018 3.370388911801103E-4
12811635 3.370388911801103E-4
12806589 3.370388911801103E-4
9411578 3.370388911801103E-4
11299424 3.370388911801103E-4
9048987 3.370388911801103E-4
9577654 3.370388911801103E-4
8786409 3.370388911801103E-4
12507910 3.370388911801103E-4
11445269 3.370388911801103E-4
11425936 3.370388911801103E-4
11060007 3.370388911801103E-4
11673588 3.370388911801103E-4
10818507 3.370388911801103E-4
8867586 3.370388911801103E-4
12614344 3.370388911801103E-4
8185566 3.370388911801103E-4
10854569 3.370388911801103E-4
9605496 3.370388911801103E-4
9436725 3.370388911801103E-4
9070638 3.370388911801103E-4
12755040 3.370388911801103E-4
10362893 3.370388911801103E-4
9596222 3.370388911801103E-4
11774713 3.370388911801103E-4
12946703 3.370388911801103E-4
12556576 3.370388911801103E-4
9682830 3.370388911801103E-4
8757051 3.370388911801103E-4
7770005 3.370388911801103E-4
8546162 3.370388911801103E-4
8899655 3.370388911801103E-4
10071712 3.370388911801103E-4
7724603 3.370388911801103E-4
8082773 3.370388911801103E-4
14501016 3.370388911801103E-4
10638195 3.370388911801103E-4
10079115 3.370388911801103E-4
9862642 3.370388911801103E-4
9218507 3.370388911801103E-4
10089003 3.370388911801103E-4
12533085 3.370388911801103E-4
12490540 3.370388911801103E-4
8047277 3.370388911801103E-4
9546293 3.370388911801103E-4
8089103 3.370388911801103E-4
9647321 3.370388911801103E-4
10935434 3.370388911801103E-4
9224643 3.370388911801103E-4
8050887 3.370388911801103E-4
10408574 3.370388911801103E-4
10076900 3.370388911801103E-4
9328480 3.370388911801103E-4
9591838 3.370388911801103E-4
8803820 3.370388911801103E-4
8912482 3.370388911801103E-4
10559556 3.370388911801103E-4
9547165 3.370388911801103E-4
9143266 3.370388911801103E-4
9307253 3.370388911801103E-4
9708864 3.370388911801103E-4
9086466 3.370388911801103E-4
10372566 3.370388911801103E-4
10436064 3.370388911801103E-4
12928915 3.370388911801103E-4
9329722 3.370388911801103E-4
9658938 3.370388911801103E-4
10637934 3.370388911801103E-4
9307262 3.370388911801103E-4
7603172 3.370388911801103E-4
9628766 3.370388911801103E-4
8961669 3.370388911801103E-4
9743577 3.370388911801103E-4
11840304 3.370388911801103E-4
8183036 3.370388911801103E-4
9705582 3.370388911801103E-4
12559836 3.370388911801103E-4
10431657 3.370388911801103E-4
9855862 3.370388911801103E-4
7818703 3.370388911801103E-4
9113034 3.370388911801103E-4
7920638 3.370388911801103E-4
9316155 3.370388911801103E-4
12067484 3.370388911801103E-4
10936886 3.370388911801103E-4
10744589 3.370388911801103E-4
10705163 3.370388911801103E-4
11487050 3.370388911801103E-4
9736756 3.370388911801103E-4
9454617 3.370388911801103E-4
9339270 3.370388911801103E-4
9520001 3.370388911801103E-4
10208564 3.370388911801103E-4
11248079 3.370388911801103E-4
8619535 3.370388911801103E-4
8940032 3.370388911801103E-4
9213859 3.370388911801103E-4
12475089 3.370388911801103E-4
9295092 3.370388911801103E-4
12928512 3.370388911801103E-4
8083685 3.370388911801103E-4
12676346 3.370388911801103E-4
7738980 3.370388911801103E-4
12714797 3.370388911801103E-4
10899434 3.370388911801103E-4
8815160 3.370388911801103E-4
11770221 3.370388911801103E-4
8774959 3.370388911801103E-4
12413003 3.370388911801103E-4
9258912 3.370388911801103E-4
9539408 3.370388911801103E-4
7910910 3.370388911801103E-4
8527231 3.370388911801103E-4
8858183 3.370388911801103E-4
8632166 3.370388911801103E-4
10563653 3.370388911801103E-4
10320795 3.370388911801103E-4
9754236 3.370388911801103E-4
12873803 3.370388911801103E-4
8309587 3.370388911801103E-4
8309588 3.370388911801103E-4
10604440 3.370388911801103E-4
10604441 3.370388911801103E-4
8726148 3.370388911801103E-4
11425005 3.370388911801103E-4
8158809 3.370388911801103E-4
12145452 3.370388911801103E-4
10401448 3.370388911801103E-4
10402500 3.370388911801103E-4
8843827 3.370388911801103E-4
7815043 3.370388911801103E-4
11701639 3.370388911801103E-4
8076181 3.370388911801103E-4
12930057 3.370388911801103E-4
12384789 3.370388911801103E-4
10192209 3.370388911801103E-4
8867021 3.370388911801103E-4
9130294 3.370388911801103E-4
9008509 3.370388911801103E-4
8905608 3.370388911801103E-4
9920995 3.370388911801103E-4
11017931 3.370388911801103E-4
8878109 3.370388911801103E-4
10854768 3.370388911801103E-4
9751196 3.370388911801103E-4
10231806 3.370388911801103E-4
10885540 3.370388911801103E-4
9834545 3.370388911801103E-4
10713392 3.370388911801103E-4
9697689 3.370388911801103E-4
10400250 3.370388911801103E-4
10934557 3.370388911801103E-4
11755017 3.370388911801103E-4
9066363 3.370388911801103E-4
12067591 3.370388911801103E-4
8682647 3.370388911801103E-4
9102150 3.370388911801103E-4
9701681 3.370388911801103E-4
8937829 3.370388911801103E-4
10213152 3.370388911801103E-4
7968026 3.370388911801103E-4
11743951 3.370388911801103E-4
10364640 3.370388911801103E-4
11182472 3.370388911801103E-4
11312553 3.370388911801103E-4
12864777 3.370388911801103E-4
11702052 3.370388911801103E-4
10738542 3.370388911801103E-4
9175590 3.370388911801103E-4
7891889 3.370388911801103E-4
7773573 3.370388911801103E-4
9041854 3.370388911801103E-4
11860878 3.370388911801103E-4
8557181 3.370388911801103E-4
10772123 3.370388911801103E-4
11893834 3.370388911801103E-4
10797593 3.370388911801103E-4
9153535 3.370388911801103E-4
7700274 3.370388911801103E-4
11980062 3.370388911801103E-4
10801051 3.370388911801103E-4
10022033 3.370388911801103E-4
12618306 3.370388911801103E-4
10367700 3.370388911801103E-4
9482249 3.370388911801103E-4
7783869 3.370388911801103E-4
10679292 3.370388911801103E-4
10420066 3.370388911801103E-4
7914580 3.370388911801103E-4
8740984 3.370388911801103E-4
11790235 3.370388911801103E-4
11930145 3.370388911801103E-4
