8833657	14520693	9322955	12525256	11262195	8188767
12019176	10232609	11102895	10851068	12168088	12581018
11005099	11260861	12530085	10917054	9231155	9591538
12890810	10611187	7593132	11223541	11020056	11102895
8626706	8675593	8646598	10545285	8188767	10974650
12414625	11704861	9815941	14534541	12960057	12776186
12188907	9831246	12556535	14528284	12360481	12379772
7624149	7959292	7959284	7977648	12112314	7509629
9815544	8609661	7525978	9842972	12150454	14534541
7529048	8732665	7529049	11774034	10232609	11223541
9545345	10674396	10816436	9852124	11559546	9832424
11500939	11559546	10207053	12138094	11594774	11274216
12767520	10699960	9883987	11704861	8626686	11498020
9699666	11559546	10766344	11704861	9056422	10642432
10669726	11546773	9545345	10674396	10847581	9852124
9342439	9342440	9488037	11879554	10430101	12897145
11376126	10967123	12867429	11559546	10602507	11337496
14534541	10319328	11489838	9545345	10077005	11479214
11788654	10229198	11376121	10207053	12447687	12138094
12746329	11713209	10846175	9633824	11278691	12447687
12566306	11559546	9205064	11149601	9545345	12776186
9515800	11872675	11559546	9545345	7788852	7665217
10720068	9821177	11334418	10484052	11287353	9166674
10435587	10757056	9205049	8692980	11689295	11870540
12489029	12360481	8674059	14559833	12068000	12138094
12031683	11368881	11342260	10383152	7589243	10726973
8665514	11145562	9492043	12444079	8710868	12750288
12379772	12374697	12937141	10690548	10777488	8909524
10766344	11950959	11896447	8692980	10676665	11559546
8145772	8923458	9671232	11559546	8828463	9205064
8710868	12444079	8873895	10720440	8175666	7791758
12641820	11081412	7593132	11161964	9640416	9387030
12105987	12566306	11923875	11494131	12489029	12876069
10851068	11212254	12019176	11145562	11278691	11313980
9056422	9205064	9815941	11559546	11479214	9311601
11988840	12937141	12545153	12482909	12754739	12855680
12447687	12138094	11500939	10207053	11788654	12888657
11577168	12767520	12917202	12417786	12466336	10234899
8595162	9553667	8616829	10619489	8616830	11457860
11885994	12195157	10830573	10849571	9413957	11223541
8607861	9766646	11205897	9815813	11291931	9333017
10919668	11071655	11559546	12538620	11023522	11416032
9815941	9056422	9205064	11559546	9311601	11479214
10791772	11559546	9516080	11102895	11479214	10319328
9516080	11559546	9056422	10791772	11102895	12438247
11149601	11559546	9545345	10674396	11245436	12566306
11828267	11267857	12473592	9842972	12473575	8609661
9311601	9205064	11559546	9056422	9815941	9852124
8286193	7529048	8732665	9331099	9413807	9331100
9394418	9704714	9469330	11859875	10507775	11398888
10459850	10940495	7527408	7523316	11041233	9357999
12193537	8620490	8796841	9130892	8205537	7627387
10985759	9048593	10569999	9729323	9539310	10092114
10674396	11384880	9892013	9545345	12503617	10499513
10401676	10430101	11376121	12138094	11788654	8205537
12360481	14559833	12489029	14583467	8674059	12068000
10950308	11001824	8989772	9076342	12767520	7497000
10676665	11896447	11950959	8692980	10766344	8069850
12543777	12372686	11163495	12750239	12910533	10734317
10229198	11788654	10207053	12447687	12138094	11376121
12941837	8674059	11752009	10766344	8806109	14559833
9205064	11559546	10207105	11872675	9852124	12776186
11212254	12592384	12149650	11559546	12876289	11309283
8692980	11145562	7758167	11950959	8625368	9159164
11453542	11778548	11716549	9679929	11781836	8620490
10026153	11884618	9202243	9452421	9506989	8603569
10427145	9205064	11559546	11145572	9150190	11940579
11694888	11591350	10368301	9312016	11124964	11135668
12374697	12379772	12937141	10931447	10777488	12746434
12937141	12374697	12379772	12593846	12401798	12533667
12438247	9056422	7664648	11704861	9516080	9699666
12888657	12571082	11559546	12121883	14522909	11416032
11559546	12566306	12776186	12543789	11245436	9205064
14520693	11559546	8833657	12149131	12566306	8188767
11507082	10232609	10850457	10830316	12839944	12539223
7743492	8646598	8620490	9322955	12937141	9539310
9413807	10702400	7585609	8883970	9408753	12547158
10430101	10401676	12138094	11559546	11149601	11102895
9766646	8607861	10674396	9545345	9648831	9832424
10438568	10430101	12138094	12374697	11278392	9622092
11245436	11559546	10674396	12543789	11228049	12592384
10207053	12138094	11500939	11559546	10229198	11884618
7664648	11950959	7758167	10766344	8174129	12438247
11384880	10674396	9892013	10499513	9065466	9545345
9850076	11950959	10766344	11150434	10766352	10383152
11102895	11559546	11479214	9205064	10319328	10791772
7525978
12592384
9469330
9842972
9671232
10777488
10232609
7523316
12545153
7627387
10611187
11376121
12444079
11704861
11689295
11479214
10830316
12138094
11291931
11546773
12530085
11774034
12417786
10619489
10850457
9331100
9831246
10507775
7959292
9539310
9821177
7788852
12917202
9679929
9883987
12538620
10499513
12525256
12556535
11274216
11278392
10931447
12539223
11716549
9150190
12372686
10699960
10319328
10207105
8616829
12068000
11023522
9048593
9387030
8069850
12750288
9452421
11267857
10234899
11150434
11223541
10368301
8620490
9648831
12876069
7589243
11278691
11313980
11884618
11896447
10569999
7529049
11872675
10383152
8603569
11752009
11368881
8883970
11923875
8923458
8796841
12482909
11001824
9312016
8646598
12533667
11457860
8989772
8806109
9166674
7593132
12543789
8188767
10917054
11081412
12195157
9622092
10974650
11161964
11228049
12401798
11135668
12960057
10484052
9815813
12867429
12855680
11950959
10602507
9729323
11859875
10816436
12168088
10766352
8616830
9591538
12593846
11591350
12121883
11020056
9892013
12149650
12910533
7977648
11205897
11494131
9357999
14559833
8174129
12581018
11778548
10940495
9492043
9408753
9065466
12571082
11260861
8609661
12547158
7497000
11416032
12112314
9333017
8626686
12150454
10726973
9342440
11309283
14583467
11334418
9130892
10734317
10967123
10849571
11940579
14528284
8674059
9488037
7509629
12466336
12876289
11163495
7959284
9205049
12473575
8175666
7527408
8205537
12149131
12897145
11041233
9322955
8873895
10077005
12776186
7585609
10642432
8732665
11870540
9640416
10702400
9413957
10830573
10092114
11124964
11398888
10545285
10757056
10690548
8675593
11879554
10846175
9506989
9832424
12839944
11489838
7758167
11342260
11713209
8909524
14522909
11262195
7791758
11594774
9231155
9633824
10720440
11781836
11337496
11145572
9553667
8828463
7665217
8625368
9331099
12503617
9159164
11498020
9202243
9704714
9852124
12750239
11287353
12746434
10847581
11071655
11145562
9076342
12473592
12754739
